201702099 张涛 02 37.3 0 0 17:44:00 20210201
201702099 张涛 02 36.5 1 0 17:45:00 20210301
201702099 张涛 02 36.2 1 0 17:23:00 20210430
201702099 张涛 02 36.2 1 0 17:23:00 20210501
201702099 张涛 02 36.4 0 1 12:30:00 20210502
201702099 张涛 02 36.1 1 0 12:31:00 20210503
201702099 张涛 02 36.5 1 0 12:10:00 20210504
201702099 张涛 02 36.6 1 0 14:05:00 20210505
201702099 张涛 02 36.2 1 0 12:03:00 20210506
201702099 张涛 02 36.8 0 1 12:05:00 20210507
201702099 张涛 02 36.1 0 1 12:01:00 20210508
201702099 张涛 02 36.4 0 1 12:01:00 20210509
201702099 张涛 02 36.2 0 1 12:01:00 20210510
201702099 张涛 02 36.7 0 1 12:01:00 20210511
201702099 张涛 02 36.4 0 1 12:01:00 20210512
201702099 张涛 02 36.8 0 1 12:01:00 20210513
201702099 张涛 02 36.9 1 0 12:01:00 20210514
201702099 张涛 02 36.6 1 0 12:01:00 20210515
201702099 张涛 02 36.2 1 0 12:01:00 20210517
201702099 张涛 02 36.6 1 0 12:01:00 20210518
201702099 张涛 02 36.5 0 1 12:01:00 20210519
201902014 张三 02 37.4 0 0 12:34:00 20210201
201902014 张三 02 37.3 0 0 12:34:00 20210228
201902014 张三 02 37.5 0 0 12:34:00 20210301
201902014 张三 02 37.2 1 0 18:45:00 20210301
201902014 张三 02 37.6 0 0 21:33:00 20210301
201902014 张三 02 37.3 0 0 12:34:00 20210303
201902014 张三 02 37.4 0 0 12:34:00 20210304
201902014 张三 02 37.5 0 0 12:34:00 20210305
201902014 张三 02 36.5 0 1 12:34:00 20210306
201902014 张三 02 36.5 0 1 12:34:00 20210307
201902014 张三 02 36.5 0 1 12:34:00 20210308
201902014 张三 02 36.5 0 1 12:34:00 20210309
201902014 张三 02 36.5 0 1 12:34:00 20210310
201902014 张三 02 36.5 0 1 12:34:00 20210311
201902014 张三 02 36.5 0 1 12:34:00 20210312
201902014 张三 02 36 0 1 13:30:00 20210312
201902014 张三 02 36.1 0 1 22:57:00 20210312
201902014 张三 02 36.5 1 0 12:34:00 20210313
201902014 张三 02 36.5 1 0 12:34:00 20210314
201902014 张三 02 36.5 1 0 12:34:00 20210315
201902014 张三 02 36.7 0 1 12:12:00 20210331
201902014 张三 02 36.7 0 1 12:31:00 20210331
201902014 张三 02 36.3 0 1 22:29:00 20210331
201902014 张三 02 36.8 0 1 15:30:00 20210603
201902014 张三 02 36.1 0 1 23:59:59 20210915
201902015 宋泽文 02 36.5 0 1 17:56:00 20210314
201902045 张振宇 02 36.7 0 1 17:05:00 20210310
